~~~~~
1 0 0 0 0 0 0 0 
5 1 6
0 0 0
6 0 6

5 perm
0 0 0 0 0 0 0 1 
5 0 6
1 0 0
6 0 6

~~~~~
0 0 0 0 0 0 0 1 
5 0 6
1 0 0
6 1 6

0 perm
0 0 0 0 0 0 0 1 
5 0 6
1 0 0
6 1 6

~~~~~
0 0 0 0 0 0 0 1 
5 0 6
1 0 1
6 0 6

0 perm
0 0 0 0 0 0 0 1 
5 0 6
1 0 1
6 0 6

~~~~~
0 0 0 0 0 0 0 1 
5 0 6
1 1 0
6 0 6

0 perm
0 0 0 0 0 0 0 1 
5 0 6
1 1 0
6 0 6

~~~~~
0 0 0 0 0 0 0 1 
5 1 6
1 0 0
6 0 6

0 perm
0 0 0 0 0 0 0 1 
5 1 6
1 0 0
6 0 6

~~~~~
0 0 0 0 0 0 0 1 
5 1 6
1 0 0
6 1 6

0 perm
0 0 0 0 0 0 0 1 
5 1 6
1 0 0
6 1 6

~~~~~
0 0 0 0 0 0 0 1 
5 1 6
1 0 1
6 0 6

5 perm
0 0 1 0 0 0 0 0 
5 1 6
1 0 0
6 1 6

~~~~~
0 0 0 0 0 0 0 1 
5 0 6
0 2 0
6 0 6

0 perm
0 0 0 0 0 0 0 1 
5 0 6
0 2 0
6 0 6

~~~~~
0 0 0 0 0 0 0 1 
5 0 6
1 1 0
6 1 6

0 perm
0 0 0 0 0 0 0 1 
5 0 6
1 1 0
6 1 6

~~~~~
0 0 0 0 0 0 0 1 
5 0 6
1 1 1
6 0 6

0 perm
0 0 0 0 0 0 0 1 
5 0 6
1 1 1
6 0 6

~~~~~
0 0 0 0 0 0 0 1 
0 6 6
1 0 0
6 0 6

5 perm
0 0 1 0 0 0 0 0 
0 1 6
6 0 0
6 0 6

~~~~~
0 0 0 0 0 0 0 1 
5 0 6
1 0 1
6 1 6

0 perm
0 0 0 0 0 0 0 1 
5 0 6
1 0 1
6 1 6

~~~~~
0 0 0 0 0 0 0 1 
5 0 6
0 2 0
6 0 6

0 perm
0 0 0 0 0 0 0 1 
5 0 6
0 2 0
6 0 6

~~~~~
0 0 0 0 0 0 0 1 
5 1 6
1 0 1
6 0 6

5 perm
0 0 1 0 0 0 0 0 
5 1 6
1 0 0
6 1 6

~~~~~
0 0 0 0 0 0 0 1 
5 0 6
1 0 1
6 1 6

0 perm
0 0 0 0 0 0 0 1 
5 0 6
1 0 1
6 1 6

~~~~~
0 0 0 0 0 0 0 1 
5 0 6
0 2 0
6 0 6

0 perm
0 0 0 0 0 0 0 1 
5 0 6
0 2 0
6 0 6

~~~~~
0 0 0 0 0 0 0 1 
5 1 6
1 0 0
6 1 6

0 perm
0 0 0 0 0 0 0 1 
5 1 6
1 0 0
6 1 6

~~~~~
0 0 0 0 0 0 0 2 
5 0 6
1 2 0
6 0 6

0 perm
0 0 0 0 0 0 0 2 
5 0 6
1 2 0
6 0 6

~~~~~
0 0 0 0 0 0 0 2 
5 0 6
0 2 1
6 0 6

5 perm
0 0 2 0 0 0 0 0 
5 0 6
0 2 0
6 1 6

~~~~~
0 0 0 0 0 0 0 2 
5 0 6
0 2 0
6 1 6

0 perm
0 0 0 0 0 0 0 2 
5 0 6
0 2 0
6 1 6

~~~~~
0 0 0 0 0 0 0 2 
5 0 6
0 3 0
6 0 6

0 perm
0 0 0 0 0 0 0 2 
5 0 6
0 3 0
6 0 6

~~~~~
0 0 0 0 0 0 0 2 
5 1 6
1 0 1
6 1 6

0 perm
0 0 0 0 0 0 0 2 
5 1 6
1 0 1
6 1 6

~~~~~
0 0 1 0 0 0 0 0 
0 1 6
6 0 0
6 1 6

0 perm
0 0 1 0 0 0 0 0 
0 1 6
6 0 0
6 1 6

~~~~~
0 0 1 0 0 0 0 0 
0 1 6
6 0 1
6 0 6

0 perm
0 0 1 0 0 0 0 0 
0 1 6
6 0 1
6 0 6

~~~~~
0 0 1 0 0 0 0 0 
0 1 6
6 1 0
6 0 6

0 perm
0 0 1 0 0 0 0 0 
0 1 6
6 1 0
6 0 6

~~~~~
0 0 1 0 0 0 0 0 
1 1 6
6 0 0
6 0 6

0 perm
0 0 1 0 0 0 0 0 
1 1 6
6 0 0
6 0 6

~~~~~
0 0 0 0 0 0 0 1 
5 0 6
1 1 1
6 1 6

0 perm
0 0 0 0 0 0 0 1 
5 0 6
1 1 1
6 1 6

~~~~~
0 0 0 0 0 0 0 1 
0 6 6
1 0 1
6 0 6

5 perm
0 0 1 0 0 0 0 0 
0 1 6
6 0 0
6 1 6

~~~~~
0 0 0 0 0 0 0 1 
5 0 6
1 1 1
6 1 6

0 perm
0 0 0 0 0 0 0 1 
5 0 6
1 1 1
6 1 6

~~~~~
0 0 0 0 0 0 0 1 
0 6 6
1 0 0
6 1 6

5 perm
0 0 1 0 0 0 0 0 
0 1 6
6 0 1
6 0 6

~~~~~
0 0 0 0 0 0 0 3 
5 0 6
0 2 0
6 1 6

0 perm
0 0 0 0 0 0 0 3 
5 0 6
0 2 0
6 1 6

~~~~~
0 0 0 0 0 0 0 3 
5 0 6
0 2 1
6 0 6

5 perm
0 0 3 0 0 0 0 0 
5 0 6
0 2 0
6 1 6

~~~~~
0 0 0 0 0 0 0 3 
5 0 6
1 2 0
6 0 6

0 perm
0 0 0 0 0 0 0 3 
5 0 6
1 2 0
6 0 6

~~~~~
0 0 0 0 0 0 0 3 
5 1 6
0 2 0
6 0 6

5 perm
0 0 3 0 0 0 0 0 
5 0 6
1 2 0
6 0 6

~~~~~
0 0 2 0 0 0 0 2 
5 1 6
1 0 1
6 1 6

0 perm
0 0 2 0 0 0 0 2 
5 1 6
1 0 1
6 1 6

~~~~~
0 0 2 0 0 0 0 2 
5 1 6
0 2 0
6 0 6

5 perm
0 0 2 0 0 2 0 0 
5 0 6
1 2 0
6 0 6

~~~~~
0 0 2 0 0 0 0 2 
5 0 6
1 2 0
6 0 6

0 perm
0 0 2 0 0 0 0 2 
5 0 6
1 2 0
6 0 6

~~~~~
0 0 2 0 0 0 0 2 
5 0 6
0 2 0
6 1 6

0 perm
0 0 2 0 0 0 0 2 
5 0 6
0 2 0
6 1 6

~~~~~
0 0 2 0 0 0 0 2 
5 0 6
0 3 0
6 0 6

0 perm
0 0 2 0 0 0 0 2 
5 0 6
0 3 0
6 0 6

~~~~~
0 0 0 0 0 0 0 2 
0 6 6
1 0 1
6 1 6

5 perm
0 0 2 0 0 0 0 0 
0 1 6
6 0 1
6 1 6

~~~~~
0 0 1 0 0 0 0 0 
1 1 6
6 0 0
6 1 6

0 perm
0 0 1 0 0 0 0 0 
1 1 6
6 0 0
6 1 6

~~~~~
0 0 1 0 0 0 0 0 
1 1 6
6 0 1
6 0 6

0 perm
0 0 1 0 0 0 0 0 
1 1 6
6 0 1
6 0 6

~~~~~
0 0 1 0 0 0 0 0 
1 1 6
6 1 0
6 0 6

0 perm
0 0 1 0 0 0 0 0 
1 1 6
6 1 0
6 0 6

~~~~~
0 0 1 0 0 0 0 0 
0 1 6
6 1 0
6 1 6

0 perm
0 0 1 0 0 0 0 0 
0 1 6
6 1 0
6 1 6

~~~~~
0 0 1 0 0 0 0 0 
0 1 6
6 1 1
6 0 6

0 perm
0 0 1 0 0 0 0 0 
0 1 6
6 1 1
6 0 6

~~~~~
0 0 1 0 0 0 0 0 
1 1 6
6 1 0
6 0 6

0 perm
0 0 1 0 0 0 0 0 
1 1 6
6 1 0
6 0 6

~~~~~
0 0 2 0 0 0 0 0 
0 1 6
6 0 1
6 1 6

0 perm
0 0 2 0 0 0 0 0 
0 1 6
6 0 1
6 1 6

~~~~~
0 0 2 0 0 0 0 0 
0 0 6
6 2 0
6 0 6

0 perm
0 0 2 0 0 0 0 0 
0 0 6
6 2 0
6 0 6

~~~~~
0 0 2 0 0 0 0 0 
1 1 6
6 0 1
6 0 6

0 perm
0 0 2 0 0 0 0 0 
1 1 6
6 0 1
6 0 6

~~~~~
0 0 2 0 0 0 0 0 
0 1 6
6 0 1
6 1 6

0 perm
0 0 2 0 0 0 0 0 
0 1 6
6 0 1
6 1 6

~~~~~
0 0 2 0 0 0 0 0 
0 0 6
6 2 0
6 0 6

0 perm
0 0 2 0 0 0 0 0 
0 0 6
6 2 0
6 0 6

~~~~~
0 0 2 0 0 0 0 0 
1 1 6
6 0 0
6 1 6

0 perm
0 0 2 0 0 0 0 0 
1 1 6
6 0 0
6 1 6

~~~~~
0 0 2 0 0 0 0 4 
5 1 6
1 2 0
6 0 6

0 perm
0 0 2 0 0 0 0 4 
5 1 6
1 2 0
6 0 6

~~~~~
0 0 2 0 0 0 0 4 
5 1 6
0 2 1
6 0 6

5 perm
0 0 4 0 0 2 0 0 
5 0 6
1 2 0
6 1 6

~~~~~
0 0 2 0 0 0 0 4 
5 1 6
0 2 0
6 1 6

5 perm
0 0 4 0 0 2 0 0 
5 0 6
1 2 1
6 0 6

~~~~~
0 0 2 0 0 0 0 4 
5 0 6
1 2 1
6 0 6

0 perm
0 0 2 0 0 0 0 4 
5 0 6
1 2 1
6 0 6

~~~~~
0 0 2 0 0 0 0 4 
5 0 6
1 2 0
6 1 6

0 perm
0 0 2 0 0 0 0 4 
5 0 6
1 2 0
6 1 6

~~~~~
0 0 2 0 0 0 0 4 
5 0 6
0 2 1
6 1 6

0 perm
0 0 2 0 0 0 0 4 
5 0 6
0 2 1
6 1 6

~~~~~
0 0 2 0 0 0 0 4 
5 1 6
0 3 0
6 0 6

5 perm
0 0 4 0 0 2 0 0 
5 0 6
1 3 0
6 0 6

~~~~~
0 0 2 0 0 0 0 4 
5 0 6
1 3 0
6 0 6

0 perm
0 0 2 0 0 0 0 4 
5 0 6
1 3 0
6 0 6

~~~~~
0 0 2 0 0 0 0 4 
5 0 6
0 3 1
6 0 6

5 perm
0 0 4 0 0 2 0 0 
5 0 6
0 3 0
6 1 6

~~~~~
0 0 2 0 0 0 0 4 
5 0 6
0 3 0
6 1 6

0 perm
0 0 2 0 0 0 0 4 
5 0 6
0 3 0
6 1 6

~~~~~
0 0 2 0 0 0 0 4 
5 0 6
0 4 0
6 0 6

0 perm
0 0 2 0 0 0 0 4 
5 0 6
0 4 0
6 0 6

~~~~~
0 0 2 0 0 0 0 4 
5 0 6
0 3 0
6 1 6

0 perm
0 0 2 0 0 0 0 4 
5 0 6
0 3 0
6 1 6

~~~~~
0 0 2 0 0 0 0 4 
5 0 6
0 3 1
6 0 6

5 perm
0 0 4 0 0 2 0 0 
5 0 6
0 3 0
6 1 6

~~~~~
0 0 2 0 0 0 0 4 
5 0 6
1 3 0
6 0 6

0 perm
0 0 2 0 0 0 0 4 
5 0 6
1 3 0
6 0 6

~~~~~
0 0 2 0 0 0 0 4 
5 1 6
0 3 0
6 0 6

5 perm
0 0 4 0 0 2 0 0 
5 0 6
1 3 0
6 0 6

~~~~~
0 0 7 0 0 0 0 7 
5 0 6
0 2 1
6 1 6

0 perm
0 0 7 0 0 0 0 7 
5 0 6
0 2 1
6 1 6

~~~~~
0 0 7 0 0 0 0 7 
5 0 6
1 2 0
6 1 6

0 perm
0 0 7 0 0 0 0 7 
5 0 6
1 2 0
6 1 6

~~~~~
0 0 7 0 0 0 0 7 
5 1 6
0 2 0
6 1 6

5 perm
0 0 7 0 0 7 0 0 
5 0 6
1 2 1
6 0 6

~~~~~
0 0 7 0 0 2 0 7 
5 0 6
1 2 0
6 1 6

0 perm
0 0 7 0 0 2 0 7 
5 0 6
1 2 0
6 1 6

~~~~~
0 0 7 0 0 2 0 7 
5 0 6
1 2 1
6 0 6

0 perm
0 0 7 0 0 2 0 7 
5 0 6
1 2 1
6 0 6

~~~~~
0 0 7 0 0 2 0 7 
5 1 6
1 2 0
6 0 6

0 perm
0 0 7 0 0 2 0 7 
5 1 6
1 2 0
6 0 6

~~~~~
0 0 2 0 0 0 0 4 
5 0 6
0 4 0
6 1 6

0 perm
0 0 2 0 0 0 0 4 
5 0 6
0 4 0
6 1 6

~~~~~
0 0 2 0 0 0 0 4 
5 0 6
0 4 1
6 0 6

5 perm
0 0 4 0 0 2 0 0 
5 0 6
0 4 0
6 1 6

~~~~~
0 0 2 0 0 0 0 4 
5 0 6
1 4 0
6 0 6

0 perm
0 0 2 0 0 0 0 4 
5 0 6
1 4 0
6 0 6

~~~~~
0 0 2 0 0 0 0 4 
5 1 6
0 4 0
6 0 6

5 perm
0 0 4 0 0 2 0 0 
5 0 6
1 4 0
6 0 6

~~~~~
0 0 12 0 0 4 0 8 
5 0 6
0 3 1
6 1 6

0 perm
0 0 12 0 0 4 0 8 
5 0 6
0 3 1
6 1 6

~~~~~
0 0 12 0 0 4 0 8 
5 0 6
1 3 0
6 1 6

0 perm
0 0 12 0 0 4 0 8 
5 0 6
1 3 0
6 1 6

~~~~~
0 0 12 0 0 4 0 8 
5 1 6
0 3 0
6 1 6

5 perm
4 0 8 0 0 12 0 0 
5 0 6
1 3 1
6 0 6

~~~~~
0 0 12 0 0 4 0 8 
5 0 6
1 3 0
6 1 6

0 perm
0 0 12 0 0 4 0 8 
5 0 6
1 3 0
6 1 6

~~~~~
0 0 12 0 0 4 0 8 
5 0 6
1 3 1
6 0 6

0 perm
0 0 12 0 0 4 0 8 
5 0 6
1 3 1
6 0 6

~~~~~
0 0 12 0 0 4 0 8 
5 1 6
1 3 0
6 0 6

0 perm
0 0 12 0 0 4 0 8 
5 1 6
1 3 0
6 0 6

~~~~~
0 0 9 0 0 0 0 11 
5 0 6
1 2 1
6 1 6

0 perm
0 0 9 0 0 0 0 11 
5 0 6
1 2 1
6 1 6

~~~~~
0 0 9 0 0 0 0 11 
5 1 6
0 2 1
6 1 6

5 perm
0 0 11 0 0 9 0 0 
5 0 6
1 2 1
6 1 6

~~~~~
0 0 20 0 0 11 0 11 
5 0 6
1 2 1
6 1 6

0 perm
0 0 20 0 0 11 0 11 
5 0 6
1 2 1
6 1 6

~~~~~
0 0 20 0 0 11 0 11 
5 1 6
1 2 1
6 0 6

5 perm
11 0 11 0 0 20 0 0 
5 1 6
1 2 0
6 1 6

~~~~~
0 0 20 0 0 4 0 18 
5 0 6
1 2 1
6 1 6

0 perm
0 0 20 0 0 4 0 18 
5 0 6
1 2 1
6 1 6

~~~~~
0 0 20 0 0 4 0 18 
5 1 6
1 2 0
6 1 6

0 perm
0 0 20 0 0 4 0 18 
5 1 6
1 2 0
6 1 6

~~~~~
0 0 9 0 0 2 0 11 
5 1 6
1 2 0
6 1 6

0 perm
0 0 9 0 0 2 0 11 
5 1 6
1 2 0
6 1 6

~~~~~
0 0 9 0 0 2 0 11 
5 1 6
1 2 1
6 0 6

5 perm
2 0 11 0 0 9 0 0 
5 1 6
1 2 0
6 1 6

~~~~~
0 0 4 0 0 0 0 0 
0 0 6
6 2 0
6 1 6

0 perm
0 0 4 0 0 0 0 0 
0 0 6
6 2 0
6 1 6

~~~~~
0 0 4 0 0 0 0 0 
0 0 6
6 2 1
6 0 6

0 perm
0 0 4 0 0 0 0 0 
0 0 6
6 2 1
6 0 6

~~~~~
0 0 4 0 0 0 0 0 
0 1 6
6 2 0
6 0 6

0 perm
0 0 4 0 0 0 0 0 
0 1 6
6 2 0
6 0 6

~~~~~
0 0 4 0 0 0 0 0 
1 0 6
6 2 0
6 0 6

0 perm
0 0 4 0 0 0 0 0 
1 0 6
6 2 0
6 0 6

~~~~~
0 0 1 0 0 0 0 0 
0 1 6
6 1 1
6 1 6

0 perm
0 0 1 0 0 0 0 0 
0 1 6
6 1 1
6 1 6

~~~~~
0 0 1 0 0 0 0 0 
1 1 6
6 1 1
6 0 6

0 perm
0 0 1 0 0 0 0 0 
1 1 6
6 1 1
6 0 6

~~~~~
0 0 1 0 0 0 0 0 
0 1 6
6 1 1
6 1 6

0 perm
0 0 1 0 0 0 0 0 
0 1 6
6 1 1
6 1 6

~~~~~
0 0 1 0 0 0 0 0 
1 1 6
6 1 0
6 1 6

0 perm
0 0 1 0 0 0 0 0 
1 1 6
6 1 0
6 1 6

~~~~~
0 0 2 0 0 0 0 0 
1 1 6
6 1 0
6 1 6

0 perm
0 0 2 0 0 0 0 0 
1 1 6
6 1 0
6 1 6

~~~~~
0 0 2 0 0 0 0 0 
1 1 6
6 1 1
6 0 6

0 perm
0 0 2 0 0 0 0 0 
1 1 6
6 1 1
6 0 6

~~~~~
0 0 3 0 0 0 0 0 
1 1 6
6 0 1
6 1 6

0 perm
0 0 3 0 0 0 0 0 
1 1 6
6 0 1
6 1 6

~~~~~
0 0 3 0 0 0 0 0 
1 0 6
6 2 0
6 0 6

0 perm
0 0 3 0 0 0 0 0 
1 0 6
6 2 0
6 0 6

~~~~~
0 0 3 0 0 0 0 0 
1 1 6
6 0 1
6 1 6

0 perm
0 0 3 0 0 0 0 0 
1 1 6
6 0 1
6 1 6

~~~~~
0 0 3 0 0 0 0 0 
1 0 6
6 2 0
6 0 6

0 perm
0 0 3 0 0 0 0 0 
1 0 6
6 2 0
6 0 6

~~~~~
0 0 6 0 0 0 0 0 
0 1 6
6 2 0
6 0 6

0 perm
0 0 6 0 0 0 0 0 
0 1 6
6 2 0
6 0 6

~~~~~
0 0 6 0 0 0 0 0 
0 0 6
6 2 1
6 0 6

0 perm
0 0 6 0 0 0 0 0 
0 0 6
6 2 1
6 0 6

~~~~~
0 0 6 0 0 0 0 0 
0 0 6
6 2 0
6 1 6

0 perm
0 0 6 0 0 0 0 0 
0 0 6
6 2 0
6 1 6

~~~~~
0 0 6 0 0 0 0 0 
0 0 6
6 3 0
6 0 6

0 perm
0 0 6 0 0 0 0 0 
0 0 6
6 3 0
6 0 6

~~~~~
0 0 6 0 0 0 0 0 
1 1 6
6 0 1
6 1 6

0 perm
0 0 6 0 0 0 0 0 
1 1 6
6 0 1
6 1 6

~~~~~
0 0 6 0 0 0 0 0 
0 0 6
6 3 0
6 1 6

0 perm
0 0 6 0 0 0 0 0 
0 0 6
6 3 0
6 1 6

~~~~~
0 0 6 0 0 0 0 0 
0 0 6
6 3 1
6 0 6

0 perm
0 0 6 0 0 0 0 0 
0 0 6
6 3 1
6 0 6

~~~~~
0 0 6 0 0 0 0 0 
0 1 6
6 3 0
6 0 6

0 perm
0 0 6 0 0 0 0 0 
0 1 6
6 3 0
6 0 6

~~~~~
0 0 6 0 0 0 0 0 
1 0 6
6 3 0
6 0 6

0 perm
0 0 6 0 0 0 0 0 
1 0 6
6 3 0
6 0 6

~~~~~
0 0 12 0 0 0 0 0 
1 1 6
6 2 0
6 0 6

0 perm
0 0 12 0 0 0 0 0 
1 1 6
6 2 0
6 0 6

~~~~~
0 0 12 0 0 0 0 0 
1 0 6
6 2 1
6 0 6

0 perm
0 0 12 0 0 0 0 0 
1 0 6
6 2 1
6 0 6

~~~~~
0 0 12 0 0 0 0 0 
1 0 6
6 2 0
6 1 6

0 perm
0 0 12 0 0 0 0 0 
1 0 6
6 2 0
6 1 6

~~~~~
0 0 12 0 0 0 0 0 
1 0 6
6 3 0
6 0 6

0 perm
0 0 12 0 0 0 0 0 
1 0 6
6 3 0
6 0 6

~~~~~
0 0 3 0 0 0 0 0 
1 1 6
6 1 1
6 1 6

0 perm
0 0 3 0 0 0 0 0 
1 1 6
6 1 1
6 1 6

~~~~~
0 0 3 0 0 0 0 0 
1 1 6
6 1 1
6 1 6

0 perm
0 0 3 0 0 0 0 0 
1 1 6
6 1 1
6 1 6

~~~~~
0 0 2 0 0 0 0 0 
1 1 6
6 1 1
6 1 6

0 perm
0 0 2 0 0 0 0 0 
1 1 6
6 1 1
6 1 6

~~~~~
0 0 10 0 0 0 0 0 
1 0 6
6 2 0
6 1 6

0 perm
0 0 10 0 0 0 0 0 
1 0 6
6 2 0
6 1 6

~~~~~
0 0 10 0 0 0 0 0 
1 0 6
6 2 1
6 0 6

0 perm
0 0 10 0 0 0 0 0 
1 0 6
6 2 1
6 0 6

~~~~~
0 0 10 0 0 0 0 0 
0 3 6
6 0 0
6 0 6

0 perm
0 0 10 0 0 0 0 0 
0 3 6
6 0 0
6 0 6

~~~~~
0 0 10 0 0 0 0 0 
0 1 6
6 2 0
6 1 6

0 perm
0 0 10 0 0 0 0 0 
0 1 6
6 2 0
6 1 6

~~~~~
0 0 10 0 0 0 0 0 
0 1 6
6 2 1
6 0 6

0 perm
0 0 10 0 0 0 0 0 
0 1 6
6 2 1
6 0 6

~~~~~
0 0 10 0 0 0 0 0 
1 1 6
6 2 0
6 0 6

0 perm
0 0 10 0 0 0 0 0 
1 1 6
6 2 0
6 0 6

~~~~~
0 0 10 0 0 0 0 0 
0 0 6
6 2 1
6 1 6

0 perm
0 0 10 0 0 0 0 0 
0 0 6
6 2 1
6 1 6

~~~~~
0 0 10 0 0 0 0 0 
0 1 6
6 2 1
6 0 6

0 perm
0 0 10 0 0 0 0 0 
0 1 6
6 2 1
6 0 6

~~~~~
0 0 10 0 0 0 0 0 
1 0 6
6 2 1
6 0 6

0 perm
0 0 10 0 0 0 0 0 
1 0 6
6 2 1
6 0 6

~~~~~
0 0 10 0 0 0 0 0 
0 0 6
6 2 1
6 1 6

0 perm
0 0 10 0 0 0 0 0 
0 0 6
6 2 1
6 1 6

~~~~~
0 0 10 0 0 0 0 0 
0 1 6
6 2 0
6 1 6

0 perm
0 0 10 0 0 0 0 0 
0 1 6
6 2 0
6 1 6

~~~~~
0 0 10 0 0 0 0 0 
1 0 6
6 2 0
6 1 6

0 perm
0 0 10 0 0 0 0 0 
1 0 6
6 2 0
6 1 6

~~~~~
13 0 51 0 0 35 0 29 
5 1 6
1 2 1
6 1 6

0 perm
13 0 51 0 0 35 0 29 
5 1 6
1 2 1
6 1 6

~~~~~
0 0 60 0 0 24 0 40 
5 1 6
1 2 1
6 1 6

0 perm
0 0 60 0 0 24 0 40 
5 1 6
1 2 1
6 1 6

~~~~~
0 0 12 0 0 4 0 8 
5 1 6
1 3 0
6 1 6

0 perm
0 0 12 0 0 4 0 8 
5 1 6
1 3 0
6 1 6

~~~~~
0 0 12 0 0 4 0 8 
5 1 6
1 3 1
6 0 6

5 perm
4 0 8 0 0 12 0 0 
5 1 6
1 3 0
6 1 6

~~~~~
4 0 20 0 0 16 0 8 
5 0 6
1 3 1
6 1 6

0 perm
4 0 20 0 0 16 0 8 
5 0 6
1 3 1
6 1 6

~~~~~
4 0 20 0 0 16 0 8 
5 1 6
1 3 1
6 0 6

5 perm
16 0 8 0 0 20 0 4 
5 1 6
1 3 0
6 1 6

~~~~~
0 0 24 0 0 8 0 16 
5 0 6
1 3 1
6 1 6

0 perm
0 0 24 0 0 8 0 16 
5 0 6
1 3 1
6 1 6

~~~~~
0 0 24 0 0 8 0 16 
5 1 6
1 3 0
6 1 6

0 perm
0 0 24 0 0 8 0 16 
5 1 6
1 3 0
6 1 6

~~~~~
0 0 12 0 0 4 0 8 
5 0 6
1 3 1
6 1 6

0 perm
0 0 12 0 0 4 0 8 
5 0 6
1 3 1
6 1 6

~~~~~
0 0 12 0 0 4 0 8 
5 1 6
0 3 1
6 1 6

5 perm
4 0 8 0 0 12 0 0 
5 0 6
1 3 1
6 1 6

~~~~~
0 0 6 0 0 2 0 4 
5 0 6
1 4 0
6 1 6

0 perm
0 0 6 0 0 2 0 4 
5 0 6
1 4 0
6 1 6

~~~~~
0 0 6 0 0 2 0 4 
5 0 6
1 4 1
6 0 6

0 perm
0 0 6 0 0 2 0 4 
5 0 6
1 4 1
6 0 6

~~~~~
0 0 6 0 0 2 0 4 
5 1 6
1 4 0
6 0 6

0 perm
0 0 6 0 0 2 0 4 
5 1 6
1 4 0
6 0 6

~~~~~
0 0 6 0 0 2 0 4 
5 0 6
0 4 1
6 1 6

0 perm
0 0 6 0 0 2 0 4 
5 0 6
0 4 1
6 1 6

~~~~~
0 0 6 0 0 2 0 4 
5 0 6
1 4 0
6 1 6

0 perm
0 0 6 0 0 2 0 4 
5 0 6
1 4 0
6 1 6

~~~~~
0 0 6 0 0 2 0 4 
5 1 6
0 4 0
6 1 6

5 perm
2 0 4 0 0 6 0 0 
5 0 6
1 4 1
6 0 6

~~~~~
0 0 6 0 0 2 0 4 
5 0 6
1 4 1
6 1 6

0 perm
0 0 6 0 0 2 0 4 
5 0 6
1 4 1
6 1 6

~~~~~
0 0 6 0 0 2 0 4 
5 1 6
0 4 1
6 1 6

5 perm
2 0 4 0 0 6 0 0 
5 0 6
1 4 1
6 1 6

~~~~~
0 0 6 0 0 2 0 4 
5 1 6
1 4 0
6 1 6

0 perm
0 0 6 0 0 2 0 4 
5 1 6
1 4 0
6 1 6

~~~~~
0 0 6 0 0 2 0 4 
5 1 6
1 4 1
6 0 6

5 perm
2 0 4 0 0 6 0 0 
5 1 6
1 4 0
6 1 6

~~~~~
2 0 10 0 0 8 0 4 
5 0 6
1 4 1
6 1 6

0 perm
2 0 10 0 0 8 0 4 
5 0 6
1 4 1
6 1 6

~~~~~
2 0 10 0 0 8 0 4 
5 1 6
1 4 1
6 0 6

5 perm
8 0 4 0 0 10 0 2 
5 1 6
1 4 0
6 1 6

~~~~~
0 0 12 0 0 4 0 8 
5 0 6
1 4 1
6 1 6

0 perm
0 0 12 0 0 4 0 8 
5 0 6
1 4 1
6 1 6

~~~~~
0 0 12 0 0 4 0 8 
5 1 6
1 4 0
6 1 6

0 perm
0 0 12 0 0 4 0 8 
5 1 6
1 4 0
6 1 6

~~~~~
8 0 64 0 0 40 0 32 
5 1 6
1 3 1
6 1 6

0 perm
8 0 64 0 0 40 0 32 
5 1 6
1 3 1
6 1 6

~~~~~
20 0 52 0 0 44 0 28 
5 1 6
1 3 1
6 1 6

0 perm
20 0 52 0 0 44 0 28 
5 1 6
1 3 1
6 1 6

~~~~~
0 0 20 0 0 0 0 0 
0 1 6
6 2 1
6 1 6

0 perm
0 0 20 0 0 0 0 0 
0 1 6
6 2 1
6 1 6

~~~~~
0 0 20 0 0 0 0 0 
1 0 6
6 2 1
6 1 6

0 perm
0 0 20 0 0 0 0 0 
1 0 6
6 2 1
6 1 6

~~~~~
0 0 20 0 0 0 0 0 
0 1 6
6 2 1
6 1 6

0 perm
0 0 20 0 0 0 0 0 
0 1 6
6 2 1
6 1 6

~~~~~
0 0 20 0 0 0 0 0 
1 1 6
6 2 1
6 0 6

0 perm
0 0 20 0 0 0 0 0 
1 1 6
6 2 1
6 0 6

~~~~~
0 0 20 0 0 0 0 0 
0 1 6
6 2 1
6 1 6

0 perm
0 0 20 0 0 0 0 0 
0 1 6
6 2 1
6 1 6

~~~~~
0 0 20 0 0 0 0 0 
1 1 6
6 2 0
6 1 6

0 perm
0 0 20 0 0 0 0 0 
1 1 6
6 2 0
6 1 6

~~~~~
0 0 10 0 0 0 0 0 
0 3 6
6 0 0
6 1 6

0 perm
0 0 10 0 0 0 0 0 
0 3 6
6 0 0
6 1 6

~~~~~
0 0 10 0 0 0 0 0 
0 3 6
6 0 1
6 0 6

0 perm
0 0 10 0 0 0 0 0 
0 3 6
6 0 1
6 0 6

~~~~~
0 0 10 0 0 0 0 0 
0 3 6
6 1 0
6 0 6

0 perm
0 0 10 0 0 0 0 0 
0 3 6
6 1 0
6 0 6

~~~~~
0 0 10 0 0 0 0 0 
1 3 6
6 0 0
6 0 6

0 perm
0 0 10 0 0 0 0 0 
1 3 6
6 0 0
6 0 6

~~~~~
0 0 32 0 0 0 0 0 
1 0 6
6 2 1
6 1 6

0 perm
0 0 32 0 0 0 0 0 
1 0 6
6 2 1
6 1 6

~~~~~
0 0 32 0 0 0 0 0 
0 3 6
6 0 0
6 1 6

0 perm
0 0 32 0 0 0 0 0 
0 3 6
6 0 0
6 1 6

~~~~~
0 0 32 0 0 0 0 0 
1 0 6
6 2 1
6 1 6

0 perm
0 0 32 0 0 0 0 0 
1 0 6
6 2 1
6 1 6

~~~~~
0 0 32 0 0 0 0 0 
0 3 6
6 0 1
6 0 6

0 perm
0 0 32 0 0 0 0 0 
0 3 6
6 0 1
6 0 6

~~~~~
0 0 22 0 0 0 0 0 
1 1 6
6 2 0
6 1 6

0 perm
0 0 22 0 0 0 0 0 
1 1 6
6 2 0
6 1 6

~~~~~
0 0 22 0 0 0 0 0 
1 1 6
6 2 1
6 0 6

0 perm
0 0 22 0 0 0 0 0 
1 1 6
6 2 1
6 0 6

~~~~~
0 0 18 0 0 0 0 0 
1 0 6
6 3 0
6 1 6

0 perm
0 0 18 0 0 0 0 0 
1 0 6
6 3 0
6 1 6

~~~~~
0 0 18 0 0 0 0 0 
1 0 6
6 3 1
6 0 6

0 perm
0 0 18 0 0 0 0 0 
1 0 6
6 3 1
6 0 6

~~~~~
0 0 18 0 0 0 0 0 
0 4 6
6 0 0
6 0 6

0 perm
0 0 18 0 0 0 0 0 
0 4 6
6 0 0
6 0 6

~~~~~
0 0 6 0 0 0 0 0 
0 1 6
6 3 0
6 1 6

0 perm
0 0 6 0 0 0 0 0 
0 1 6
6 3 0
6 1 6

~~~~~
0 0 6 0 0 0 0 0 
0 1 6
6 3 1
6 0 6

0 perm
0 0 6 0 0 0 0 0 
0 1 6
6 3 1
6 0 6

~~~~~
0 0 6 0 0 0 0 0 
1 1 6
6 3 0
6 0 6

0 perm
0 0 6 0 0 0 0 0 
1 1 6
6 3 0
6 0 6

~~~~~
0 0 6 0 0 0 0 0 
0 0 6
6 3 1
6 1 6

0 perm
0 0 6 0 0 0 0 0 
0 0 6
6 3 1
6 1 6

~~~~~
0 0 6 0 0 0 0 0 
0 1 6
6 3 1
6 0 6

0 perm
0 0 6 0 0 0 0 0 
0 1 6
6 3 1
6 0 6

~~~~~
0 0 6 0 0 0 0 0 
1 0 6
6 3 1
6 0 6

0 perm
0 0 6 0 0 0 0 0 
1 0 6
6 3 1
6 0 6

~~~~~
0 0 6 0 0 0 0 0 
0 0 6
6 3 1
6 1 6

0 perm
0 0 6 0 0 0 0 0 
0 0 6
6 3 1
6 1 6

~~~~~
0 0 6 0 0 0 0 0 
0 1 6
6 3 0
6 1 6

0 perm
0 0 6 0 0 0 0 0 
0 1 6
6 3 0
6 1 6

~~~~~
0 0 6 0 0 0 0 0 
1 0 6
6 3 0
6 1 6

0 perm
0 0 6 0 0 0 0 0 
1 0 6
6 3 0
6 1 6

~~~~~
0 0 12 0 0 0 0 0 
0 1 6
6 3 1
6 1 6

0 perm
0 0 12 0 0 0 0 0 
0 1 6
6 3 1
6 1 6

~~~~~
0 0 12 0 0 0 0 0 
1 0 6
6 3 1
6 1 6

0 perm
0 0 12 0 0 0 0 0 
1 0 6
6 3 1
6 1 6

~~~~~
0 0 6 0 0 0 0 0 
1 1 6
6 3 0
6 1 6

0 perm
0 0 6 0 0 0 0 0 
1 1 6
6 3 0
6 1 6

~~~~~
0 0 6 0 0 0 0 0 
1 1 6
6 3 1
6 0 6

0 perm
0 0 6 0 0 0 0 0 
1 1 6
6 3 1
6 0 6

~~~~~
0 0 12 0 0 0 0 0 
0 1 6
6 3 1
6 1 6

0 perm
0 0 12 0 0 0 0 0 
0 1 6
6 3 1
6 1 6

~~~~~
0 0 12 0 0 0 0 0 
1 1 6
6 3 1
6 0 6

0 perm
0 0 12 0 0 0 0 0 
1 1 6
6 3 1
6 0 6

~~~~~
0 0 12 0 0 0 0 0 
0 1 6
6 3 1
6 1 6

0 perm
0 0 12 0 0 0 0 0 
0 1 6
6 3 1
6 1 6

~~~~~
0 0 12 0 0 0 0 0 
1 1 6
6 3 0
6 1 6

0 perm
0 0 12 0 0 0 0 0 
1 1 6
6 3 0
6 1 6

~~~~~
0 0 18 0 0 0 0 0 
0 4 6
6 0 0
6 1 6

0 perm
0 0 18 0 0 0 0 0 
0 4 6
6 0 0
6 1 6

~~~~~
0 0 18 0 0 0 0 0 
0 4 6
6 0 1
6 0 6

0 perm
0 0 18 0 0 0 0 0 
0 4 6
6 0 1
6 0 6

~~~~~
0 0 18 0 0 0 0 0 
0 4 6
6 1 0
6 0 6

0 perm
0 0 18 0 0 0 0 0 
0 4 6
6 1 0
6 0 6

~~~~~
0 0 18 0 0 0 0 0 
1 4 6
6 0 0
6 0 6

0 perm
0 0 18 0 0 0 0 0 
1 4 6
6 0 0
6 0 6

~~~~~
0 0 24 0 0 0 0 0 
1 0 6
6 3 1
6 1 6

0 perm
0 0 24 0 0 0 0 0 
1 0 6
6 3 1
6 1 6

~~~~~
0 0 24 0 0 0 0 0 
0 4 6
6 0 1
6 0 6

0 perm
0 0 24 0 0 0 0 0 
0 4 6
6 0 1
6 0 6

~~~~~
0 0 24 0 0 0 0 0 
1 0 6
6 3 1
6 1 6

0 perm
0 0 24 0 0 0 0 0 
1 0 6
6 3 1
6 1 6

~~~~~
0 0 24 0 0 0 0 0 
0 4 6
6 0 0
6 1 6

0 perm
0 0 24 0 0 0 0 0 
0 4 6
6 0 0
6 1 6

~~~~~
0 0 10 0 0 0 0 0 
1 3 6
6 0 0
6 1 6

0 perm
0 0 10 0 0 0 0 0 
1 3 6
6 0 0
6 1 6

~~~~~
0 0 10 0 0 0 0 0 
1 3 6
6 0 1
6 0 6

0 perm
0 0 10 0 0 0 0 0 
1 3 6
6 0 1
6 0 6

~~~~~
0 0 10 0 0 0 0 0 
1 3 6
6 1 0
6 0 6

0 perm
0 0 10 0 0 0 0 0 
1 3 6
6 1 0
6 0 6

~~~~~
0 0 10 0 0 0 0 0 
0 3 6
6 1 0
6 1 6

0 perm
0 0 10 0 0 0 0 0 
0 3 6
6 1 0
6 1 6

~~~~~
0 0 10 0 0 0 0 0 
0 3 6
6 1 1
6 0 6

0 perm
0 0 10 0 0 0 0 0 
0 3 6
6 1 1
6 0 6

~~~~~
0 0 10 0 0 0 0 0 
1 3 6
6 1 0
6 0 6

0 perm
0 0 10 0 0 0 0 0 
1 3 6
6 1 0
6 0 6

~~~~~
0 0 42 0 0 0 0 0 
0 3 6
6 0 1
6 1 6

0 perm
0 0 42 0 0 0 0 0 
0 3 6
6 0 1
6 1 6

~~~~~
0 0 42 0 0 0 0 0 
0 0 6
6 4 0
6 0 6

0 perm
0 0 42 0 0 0 0 0 
0 0 6
6 4 0
6 0 6

~~~~~
0 0 42 0 0 0 0 0 
1 3 6
6 0 1
6 0 6

0 perm
0 0 42 0 0 0 0 0 
1 3 6
6 0 1
6 0 6

~~~~~
0 0 42 0 0 0 0 0 
0 3 6
6 0 1
6 1 6

0 perm
0 0 42 0 0 0 0 0 
0 3 6
6 0 1
6 1 6

~~~~~
0 0 42 0 0 0 0 0 
0 0 6
6 4 0
6 0 6

0 perm
0 0 42 0 0 0 0 0 
0 0 6
6 4 0
6 0 6

~~~~~
0 0 42 0 0 0 0 0 
1 3 6
6 0 0
6 1 6

0 perm
0 0 42 0 0 0 0 0 
1 3 6
6 0 0
6 1 6

~~~~~
0 0 42 0 0 0 0 0 
1 1 6
6 2 1
6 1 6

0 perm
0 0 42 0 0 0 0 0 
1 1 6
6 2 1
6 1 6

~~~~~
0 0 42 0 0 0 0 0 
1 1 6
6 2 1
6 1 6

0 perm
0 0 42 0 0 0 0 0 
1 1 6
6 2 1
6 1 6

~~~~~
0 0 84 0 0 0 0 0 
0 3 6
6 0 1
6 1 6

0 perm
0 0 84 0 0 0 0 0 
0 3 6
6 0 1
6 1 6

~~~~~
0 0 60 0 0 0 0 0 
1 1 6
6 2 1
6 1 6

0 perm
0 0 60 0 0 0 0 0 
1 1 6
6 2 1
6 1 6

~~~~~
10 0 26 0 0 22 0 14 
5 1 6
1 4 1
6 1 6

0 perm
10 0 26 0 0 22 0 14 
5 1 6
1 4 1
6 1 6

~~~~~
4 0 32 0 0 20 0 16 
5 1 6
1 4 1
6 1 6

0 perm
4 0 32 0 0 20 0 16 
5 1 6
1 4 1
6 1 6

4050 2324 8904
5484 3030 1222
8904 1222 8664
